Problem:    modelo
Rows:       238
Columns:    540 (400 integer, 400 binary)
Non-zeros:  4733
Status:     INTEGER OPTIMAL
Objective:  FO = 172 (MINimum)

   No.   Row name        Activity     Lower bound   Upper bound
------ ------------    ------------- ------------- -------------
     1 FO                        172                             
     2 r02[1]                      1             1             = 
     3 r02[2]                      1             1             = 
     4 r02[3]                      1             1             = 
     5 r02[4]                      1             1             = 
     6 r02[5]                      1             1             = 
     7 r02[6]                      1             1             = 
     8 r02[7]                      1             1             = 
     9 r02[8]                      1             1             = 
    10 r02[9]                      1             1             = 
    11 r02[10]                     1             1             = 
    12 r02[11]                     1             1             = 
    13 r02[12]                     1             1             = 
    14 r02[13]                     1             1             = 
    15 r02[14]                     1             1             = 
    16 r02[15]                     1             1             = 
    17 r02[16]                     1             1             = 
    18 r02[17]                     1             1             = 
    19 r02[18]                     1             1             = 
    20 r02[19]                     1             1             = 
    21 r02[20]                     1             1             = 
    22 r03[1]                      1             1             = 
    23 r03[2]                      1             1             = 
    24 r03[3]                      1             1             = 
    25 r03[4]                      1             1             = 
    26 r03[5]                      1             1             = 
    27 r03[6]                      1             1             = 
    28 r03[7]                      1             1             = 
    29 r03[8]                      1             1             = 
    30 r03[9]                      1             1             = 
    31 r03[10]                     1             1             = 
    32 r03[11]                     1             1             = 
    33 r03[12]                     1             1             = 
    34 r03[13]                     1             1             = 
    35 r03[14]                     1             1             = 
    36 r03[15]                     1             1             = 
    37 r03[16]                     1             1             = 
    38 r03[17]                     1             1             = 
    39 r03[18]                     1             1             = 
    40 r03[19]                     1             1             = 
    41 r03[20]                     1             1             = 
    42 r04[1]                      0            -0             = 
    43 r04[2]                      0            -0             = 
    44 r04[3]                      0            -0             = 
    45 r04[4]                      0            -0             = 
    46 r04[5]                      0            -0             = 
    47 r04[6]                      0            -0             = 
    48 r04[7]                      0            -0             = 
    49 r04[8]                      0            -0             = 
    50 r04[9]                      0            -0             = 
    51 r04[10]                     0            -0             = 
    52 r04[11]                     0            -0             = 
    53 r04[12]                     0            -0             = 
    54 r04[13]                     0            -0             = 
    55 r04[14]                     0            -0             = 
    56 r04[15]                     0            -0             = 
    57 r04[16]                     0            -0             = 
    58 r04[17]                     0            -0             = 
    59 r04[18]                     0            -0             = 
    60 r04[19]                     0            -0             = 
    61 r05                         0            -0             = 
    62 r06[1]                      0            -0             = 
    63 r06[2]                      0            -0             = 
    64 r06[3]                      0            -0             = 
    65 r07[2,1]                   -4                          -0 
    66 r07[2,2]                    0                          -0 
    67 r07[2,3]                   -1                          -0 
    68 r07[3,1]                   -7                          -0 
    69 r07[3,2]                    0                          -0 
    70 r07[3,3]                    0                          -0 
    71 r07[4,1]                  -13                          -0 
    72 r07[4,2]                   -4                          -0 
    73 r07[4,3]                    0                          -0 
    74 r07[5,1]                  -15                          -0 
    75 r07[5,2]                   -4                          -0 
    76 r07[5,3]                    0                          -0 
    77 r07[6,1]                  -23                          -0 
    78 r07[6,2]                    0                          -0 
    79 r07[6,3]                    0                          -0 
    80 r07[7,1]                  -28                          -0 
    81 r07[7,2]                    0                          -0 
    82 r07[7,3]                    0                          -0 
    83 r07[8,1]                  -34                          -0 
    84 r07[8,2]                   -1                          -0 
    85 r07[8,3]                    0                          -0 
    86 r07[9,1]                  -38                          -0 
    87 r07[9,2]                    0                          -0 
    88 r07[9,3]                    0                          -0 
    89 r07[10,1]                 -45                          -0 
    90 r07[10,2]                   0                          -0 
    91 r07[10,3]                   0                          -0 
    92 r07[11,1]                 -50                          -0 
    93 r07[11,2]                   0                          -0 
    94 r07[11,3]                   0                          -0 
    95 r07[12,1]                 -61                          -0 
    96 r07[12,2]                  -1                          -0 
    97 r07[12,3]                   0                          -0 
    98 r07[13,1]                 -66                          -0 
    99 r07[13,2]                   0                          -0 
   100 r07[13,3]                   0                          -0 
   101 r07[14,1]                 -72                          -0 
   102 r07[14,2]                  -5                          -0 
   103 r07[14,3]                   0                          -0 
   104 r07[15,1]                 -75                          -0 
   105 r07[15,2]                   0                          -0 
   106 r07[15,3]                   0                          -0 
   107 r07[16,1]                 -81                          -0 
   108 r07[16,2]                   0                          -0 
   109 r07[16,3]                   0                          -0 
   110 r07[17,1]                 -87                          -0 
   111 r07[17,2]                   0                          -0 
   112 r07[17,3]                   0                          -0 
   113 r07[18,1]                 -96                          -0 
   114 r07[18,2]                   0                          -0 
   115 r07[18,3]                   0                          -0 
   116 r07[19,1]                -105                          -0 
   117 r07[19,2]                   0                          -0 
   118 r07[19,3]                   0                          -0 
   119 r07[20,1]                -115                          -0 
   120 r07[20,2]                  -1                          -0 
   121 r07[20,3]                   0                          -0 
   122 r08[1,2]                    0                          -0 
   123 r08[1,3]                   -4                          -0 
   124 r08[1,4]                  -10                          -0 
   125 r08[2,2]                    0                          -0 
   126 r08[2,3]                   -1                          -0 
   127 r08[2,4]                   -3                          -0 
   128 r08[3,2]                    0                          -0 
   129 r08[3,3]                   -4                          -0 
   130 r08[3,4]                   -3                          -0 
   131 r08[4,2]                    0                          -0 
   132 r08[4,3]                   -7                          -0 
   133 r08[4,4]                  -10                          -0 
   134 r08[5,2]                    0                          -0 
   135 r08[5,3]                    0                          -0 
   136 r08[5,4]                   -4                          -0 
   137 r08[6,2]                    0                          -0 
   138 r08[6,3]                   -1                          -0 
   139 r08[6,4]                   -3                          -0 
   140 r08[7,2]                    0                          -0 
   141 r08[7,3]                   -4                          -0 
   142 r08[7,4]                   -6                          -0 
   143 r08[8,2]                    0                          -0 
   144 r08[8,3]                   -5                          -0 
   145 r08[8,4]                  -13                          -0 
   146 r08[9,2]                    0                          -0 
   147 r08[9,3]                    0                          -0 
   148 r08[9,4]                   -3                          -0 
   149 r08[10,2]                   0                          -0 
   150 r08[10,3]                  -6                          -0 
   151 r08[10,4]                 -13                          -0 
   152 r08[11,2]                   0                          -0 
   153 r08[11,3]                   0                          -0 
   154 r08[11,4]                  -2                          -0 
   155 r08[12,2]                   0                          -0 
   156 r08[12,3]                  -5                          -0 
   157 r08[12,4]                 -11                          -0 
   158 r08[13,2]                   0                          -0 
   159 r08[13,3]                  -4                          -0 
   160 r08[13,4]                  -7                          -0 
   161 r08[14,2]                   0                          -0 
   162 r08[14,3]                  -2                          -0 
   163 r08[14,4]                  -5                          -0 
   164 r08[15,2]                   0                          -0 
   165 r08[15,3]                  -3                          -0 
   166 r08[15,4]                  -6                          -0 
   167 r08[16,2]                   0                          -0 
   168 r08[16,3]                  -6                          -0 
   169 r08[16,4]                 -12                          -0 
   170 r08[17,2]                   0                          -0 
   171 r08[17,3]                  -4                          -0 
   172 r08[17,4]                  -8                          -0 
   173 r08[18,2]                   0                          -0 
   174 r08[18,3]                  -5                          -0 
   175 r08[18,4]                 -10                          -0 
   176 r08[19,2]                   0                          -0 
   177 r08[19,3]                   0                          -0 
   178 r08[19,4]                  -3                          -0 
   179 r12[1]                      0            -0             = 
   180 r12[2]                      0            -0             = 
   181 r12[3]                      0            -0             = 
   182 r12[4]                      0            -0             = 
   183 r12[5]                      0            -0             = 
   184 r12[6]                      0            -0             = 
   185 r12[7]                      0            -0             = 
   186 r12[8]                      0            -0             = 
   187 r12[9]                      0            -0             = 
   188 r12[10]                     0            -0             = 
   189 r12[11]                     0            -0             = 
   190 r12[12]                     0            -0             = 
   191 r12[13]                     0            -0             = 
   192 r12[14]                     0            -0             = 
   193 r12[15]                     0            -0             = 
   194 r12[16]                     0            -0             = 
   195 r12[17]                     0            -0             = 
   196 r12[18]                     0            -0             = 
   197 r12[19]                     0            -0             = 
   198 r12[20]                     0            -0             = 
   199 r13[1]                      6            -0               
   200 r13[2]                      0            -0               
   201 r13[3]                      5            -0               
   202 r13[4]                      0            -0               
   203 r13[5]                     11            -0               
   204 r13[6]                      1            -0               
   205 r13[7]                      0            -0               
   206 r13[8]                      0            -0               
   207 r13[9]                      0            -0               
   208 r13[10]                     0            -0               
   209 r13[11]                     0            -0               
   210 r13[12]                     0            -0               
   211 r13[13]                     0            -0               
   212 r13[14]                     0            -0               
   213 r13[15]                     0            -0               
   214 r13[16]                     0            -0               
   215 r13[17]                     0            -0               
   216 r13[18]                     0            -0               
   217 r13[19]                     0            -0               
   218 r13[20]                     6            -0               
   219 r17[1]                      0            -0               
   220 r17[2]                      0            -0               
   221 r17[3]                      0            -0               
   222 r17[4]                      0            -0               
   223 r17[5]                      0            -0               
   224 r17[6]                      0            -0               
   225 r17[7]                      0            -0               
   226 r17[8]                      0            -0               
   227 r17[9]                      0            -0               
   228 r17[10]                     0            -0               
   229 r17[11]                     0            -0               
   230 r17[12]                     0            -0               
   231 r17[13]                     0            -0               
   232 r17[14]                     0            -0               
   233 r17[15]                     0            -0               
   234 r17[16]                     0            -0               
   235 r17[17]                     0            -0               
   236 r17[18]                     0            -0               
   237 r17[19]                     0            -0               
   238 r17[20]                     0            -0               

   No. Column name       Activity     Lower bound   Upper bound
------ ------------    ------------- ------------- -------------
     1 s[1,1]                      0             0               
     2 s[1,2]                      1             0               
     3 s[1,3]                      3             0               
     4 s[1,4]                      8             0               
     5 s[1,5]                      9             0               
     6 s[1,6]                     12             0               
     7 s[1,7]                     14             0               
     8 s[1,8]                     18             0               
     9 s[1,9]                     20             0               
    10 s[1,10]                    24             0               
    11 s[1,11]                    27             0               
    12 s[1,12]                    31             0               
    13 s[1,13]                    32             0               
    14 s[1,14]                    34             0               
    15 s[1,15]                    38             0               
    16 s[1,16]                    41             0               
    17 s[1,17]                    46             0               
    18 s[1,18]                    49             0               
    19 s[1,19]                    51             0               
    20 s[1,20]                    54             0               
    21 s[2,1]                      1             0               
    22 s[3,1]                      7             0               
    23 s[4,1]                     11             0               
    24 s[2,2]                      7             0               
    25 s[3,2]                     15             0               
    26 s[4,2]                     22             0               
    27 s[2,3]                     15             0               
    28 s[3,3]                     22             0               
    29 s[4,3]                     27             0               
    30 s[2,4]                     22             0               
    31 s[3,4]                     31             0               
    32 s[4,4]                     34             0               
    33 s[2,5]                     27             0               
    34 s[3,5]                     41             0               
    35 s[4,5]                     46             0               
    36 s[2,6]                     37             0               
    37 s[3,6]                     46             0               
    38 s[4,6]                     53             0               
    39 s[2,7]                     46             0               
    40 s[3,7]                     54             0               
    41 s[4,7]                     59             0               
    42 s[2,8]                     54             0               
    43 s[3,8]                     63             0               
    44 s[4,8]                     67             0               
    45 s[2,9]                     62             0               
    46 s[3,9]                     72             0               
    47 s[4,9]                     81             0               
    48 s[2,10]                    72             0               
    49 s[3,10]                    81             0               
    50 s[4,10]                    87             0               
    51 s[2,11]                    81             0               
    52 s[3,11]                    93             0               
    53 s[4,11]                   101             0               
    54 s[2,12]                    93             0               
    55 s[3,12]                   101             0               
    56 s[4,12]                   105             0               
    57 s[2,13]                   100             0               
    58 s[3,13]                   110             0               
    59 s[4,13]                   117             0               
    60 s[2,14]                   110             0               
    61 s[3,14]                   121             0               
    62 s[4,14]                   125             0               
    63 s[2,15]                   116             0               
    64 s[3,15]                   127             0               
    65 s[4,15]                   133             0               
    66 s[2,16]                   127             0               
    67 s[3,16]                   136             0               
    68 s[4,16]                   141             0               
    69 s[2,17]                   136             0               
    70 s[3,17]                   147             0               
    71 s[4,17]                   155             0               
    72 s[2,18]                   147             0               
    73 s[3,18]                   159             0               
    74 s[4,18]                   166             0               
    75 s[2,19]                   159             0               
    76 s[3,19]                   171             0               
    77 s[4,19]                   180             0               
    78 s[2,20]                   171             0               
    79 s[3,20]                   180             0               
    80 s[4,20]                   185             0               
    81 x[1,1]       *              0             0             1 
    82 x[1,2]       *              1             0             1 
    83 x[1,3]       *              0             0             1 
    84 x[1,4]       *              0             0             1 
    85 x[1,5]       *              0             0             1 
    86 x[1,6]       *              0             0             1 
    87 x[1,7]       *              0             0             1 
    88 x[1,8]       *              0             0             1 
    89 x[1,9]       *              0             0             1 
    90 x[1,10]      *              0             0             1 
    91 x[1,11]      *              0             0             1 
    92 x[1,12]      *              0             0             1 
    93 x[1,13]      *              0             0             1 
    94 x[1,14]      *              0             0             1 
    95 x[1,15]      *              0             0             1 
    96 x[1,16]      *              0             0             1 
    97 x[1,17]      *              0             0             1 
    98 x[1,18]      *              0             0             1 
    99 x[1,19]      *              0             0             1 
   100 x[1,20]      *              0             0             1 
   101 x[2,1]       *              0             0             1 
   102 x[2,2]       *              0             0             1 
   103 x[2,3]       *              0             0             1 
   104 x[2,4]       *              0             0             1 
   105 x[2,5]       *              1             0             1 
   106 x[2,6]       *              0             0             1 
   107 x[2,7]       *              0             0             1 
   108 x[2,8]       *              0             0             1 
   109 x[2,9]       *              0             0             1 
   110 x[2,10]      *              0             0             1 
   111 x[2,11]      *              0             0             1 
   112 x[2,12]      *              0             0             1 
   113 x[2,13]      *              0             0             1 
   114 x[2,14]      *              0             0             1 
   115 x[2,15]      *              0             0             1 
   116 x[2,16]      *              0             0             1 
   117 x[2,17]      *              0             0             1 
   118 x[2,18]      *              0             0             1 
   119 x[2,19]      *              0             0             1 
   120 x[2,20]      *              0             0             1 
   121 x[3,1]       *              1             0             1 
   122 x[3,2]       *              0             0             1 
   123 x[3,3]       *              0             0             1 
   124 x[3,4]       *              0             0             1 
   125 x[3,5]       *              0             0             1 
   126 x[3,6]       *              0             0             1 
   127 x[3,7]       *              0             0             1 
   128 x[3,8]       *              0             0             1 
   129 x[3,9]       *              0             0             1 
   130 x[3,10]      *              0             0             1 
   131 x[3,11]      *              0             0             1 
   132 x[3,12]      *              0             0             1 
   133 x[3,13]      *              0             0             1 
   134 x[3,14]      *              0             0             1 
   135 x[3,15]      *              0             0             1 
   136 x[3,16]      *              0             0             1 
   137 x[3,17]      *              0             0             1 
   138 x[3,18]      *              0             0             1 
   139 x[3,19]      *              0             0             1 
   140 x[3,20]      *              0             0             1 
   141 x[4,1]       *              0             0             1 
   142 x[4,2]       *              0             0             1 
   143 x[4,3]       *              0             0             1 
   144 x[4,4]       *              0             0             1 
   145 x[4,5]       *              0             0             1 
   146 x[4,6]       *              0             0             1 
   147 x[4,7]       *              0             0             1 
   148 x[4,8]       *              0             0             1 
   149 x[4,9]       *              0             0             1 
   150 x[4,10]      *              0             0             1 
   151 x[4,11]      *              1             0             1 
   152 x[4,12]      *              0             0             1 
   153 x[4,13]      *              0             0             1 
   154 x[4,14]      *              0             0             1 
   155 x[4,15]      *              0             0             1 
   156 x[4,16]      *              0             0             1 
   157 x[4,17]      *              0             0             1 
   158 x[4,18]      *              0             0             1 
   159 x[4,19]      *              0             0             1 
   160 x[4,20]      *              0             0             1 
   161 x[5,1]       *              0             0             1 
   162 x[5,2]       *              0             0             1 
   163 x[5,3]       *              0             0             1 
   164 x[5,4]       *              0             0             1 
   165 x[5,5]       *              0             0             1 
   166 x[5,6]       *              1             0             1 
   167 x[5,7]       *              0             0             1 
   168 x[5,8]       *              0             0             1 
   169 x[5,9]       *              0             0             1 
   170 x[5,10]      *              0             0             1 
   171 x[5,11]      *              0             0             1 
   172 x[5,12]      *              0             0             1 
   173 x[5,13]      *              0             0             1 
   174 x[5,14]      *              0             0             1 
   175 x[5,15]      *              0             0             1 
   176 x[5,16]      *              0             0             1 
   177 x[5,17]      *              0             0             1 
   178 x[5,18]      *              0             0             1 
   179 x[5,19]      *              0             0             1 
   180 x[5,20]      *              0             0             1 
   181 x[6,1]       *              0             0             1 
   182 x[6,2]       *              0             0             1 
   183 x[6,3]       *              0             0             1 
   184 x[6,4]       *              0             0             1 
   185 x[6,5]       *              0             0             1 
   186 x[6,6]       *              0             0             1 
   187 x[6,7]       *              0             0             1 
   188 x[6,8]       *              0             0             1 
   189 x[6,9]       *              0             0             1 
   190 x[6,10]      *              0             0             1 
   191 x[6,11]      *              0             0             1 
   192 x[6,12]      *              0             0             1 
   193 x[6,13]      *              0             0             1 
   194 x[6,14]      *              0             0             1 
   195 x[6,15]      *              1             0             1 
   196 x[6,16]      *              0             0             1 
   197 x[6,17]      *              0             0             1 
   198 x[6,18]      *              0             0             1 
   199 x[6,19]      *              0             0             1 
   200 x[6,20]      *              0             0             1 
   201 x[7,1]       *              0             0             1 
   202 x[7,2]       *              0             0             1 
   203 x[7,3]       *              1             0             1 
   204 x[7,4]       *              0             0             1 
   205 x[7,5]       *              0             0             1 
   206 x[7,6]       *              0             0             1 
   207 x[7,7]       *              0             0             1 
   208 x[7,8]       *              0             0             1 
   209 x[7,9]       *              0             0             1 
   210 x[7,10]      *              0             0             1 
   211 x[7,11]      *              0             0             1 
   212 x[7,12]      *              0             0             1 
   213 x[7,13]      *              0             0             1 
   214 x[7,14]      *              0             0             1 
   215 x[7,15]      *              0             0             1 
   216 x[7,16]      *              0             0             1 
   217 x[7,17]      *              0             0             1 
   218 x[7,18]      *              0             0             1 
   219 x[7,19]      *              0             0             1 
   220 x[7,20]      *              0             0             1 
   221 x[8,1]       *              0             0             1 
   222 x[8,2]       *              0             0             1 
   223 x[8,3]       *              0             0             1 
   224 x[8,4]       *              0             0             1 
   225 x[8,5]       *              0             0             1 
   226 x[8,6]       *              0             0             1 
   227 x[8,7]       *              0             0             1 
   228 x[8,8]       *              1             0             1 
   229 x[8,9]       *              0             0             1 
   230 x[8,10]      *              0             0             1 
   231 x[8,11]      *              0             0             1 
   232 x[8,12]      *              0             0             1 
   233 x[8,13]      *              0             0             1 
   234 x[8,14]      *              0             0             1 
   235 x[8,15]      *              0             0             1 
   236 x[8,16]      *              0             0             1 
   237 x[8,17]      *              0             0             1 
   238 x[8,18]      *              0             0             1 
   239 x[8,19]      *              0             0             1 
   240 x[8,20]      *              0             0             1 
   241 x[9,1]       *              0             0             1 
   242 x[9,2]       *              0             0             1 
   243 x[9,3]       *              0             0             1 
   244 x[9,4]       *              0             0             1 
   245 x[9,5]       *              0             0             1 
   246 x[9,6]       *              0             0             1 
   247 x[9,7]       *              0             0             1 
   248 x[9,8]       *              0             0             1 
   249 x[9,9]       *              1             0             1 
   250 x[9,10]      *              0             0             1 
   251 x[9,11]      *              0             0             1 
   252 x[9,12]      *              0             0             1 
   253 x[9,13]      *              0             0             1 
   254 x[9,14]      *              0             0             1 
   255 x[9,15]      *              0             0             1 
   256 x[9,16]      *              0             0             1 
   257 x[9,17]      *              0             0             1 
   258 x[9,18]      *              0             0             1 
   259 x[9,19]      *              0             0             1 
   260 x[9,20]      *              0             0             1 
   261 x[10,1]      *              0             0             1 
   262 x[10,2]      *              0             0             1 
   263 x[10,3]      *              0             0             1 
   264 x[10,4]      *              1             0             1 
   265 x[10,5]      *              0             0             1 
   266 x[10,6]      *              0             0             1 
   267 x[10,7]      *              0             0             1 
   268 x[10,8]      *              0             0             1 
   269 x[10,9]      *              0             0             1 
   270 x[10,10]     *              0             0             1 
   271 x[10,11]     *              0             0             1 
   272 x[10,12]     *              0             0             1 
   273 x[10,13]     *              0             0             1 
   274 x[10,14]     *              0             0             1 
   275 x[10,15]     *              0             0             1 
   276 x[10,16]     *              0             0             1 
   277 x[10,17]     *              0             0             1 
   278 x[10,18]     *              0             0             1 
   279 x[10,19]     *              0             0             1 
   280 x[10,20]     *              0             0             1 
   281 x[11,1]      *              0             0             1 
   282 x[11,2]      *              0             0             1 
   283 x[11,3]      *              0             0             1 
   284 x[11,4]      *              0             0             1 
   285 x[11,5]      *              0             0             1 
   286 x[11,6]      *              0             0             1 
   287 x[11,7]      *              0             0             1 
   288 x[11,8]      *              0             0             1 
   289 x[11,9]      *              0             0             1 
   290 x[11,10]     *              1             0             1 
   291 x[11,11]     *              0             0             1 
   292 x[11,12]     *              0             0             1 
   293 x[11,13]     *              0             0             1 
   294 x[11,14]     *              0             0             1 
   295 x[11,15]     *              0             0             1 
   296 x[11,16]     *              0             0             1 
   297 x[11,17]     *              0             0             1 
   298 x[11,18]     *              0             0             1 
   299 x[11,19]     *              0             0             1 
   300 x[11,20]     *              0             0             1 
   301 x[12,1]      *              0             0             1 
   302 x[12,2]      *              0             0             1 
   303 x[12,3]      *              0             0             1 
   304 x[12,4]      *              0             0             1 
   305 x[12,5]      *              0             0             1 
   306 x[12,6]      *              0             0             1 
   307 x[12,7]      *              0             0             1 
   308 x[12,8]      *              0             0             1 
   309 x[12,9]      *              0             0             1 
   310 x[12,10]     *              0             0             1 
   311 x[12,11]     *              0             0             1 
   312 x[12,12]     *              0             0             1 
   313 x[12,13]     *              0             0             1 
   314 x[12,14]     *              0             0             1 
   315 x[12,15]     *              0             0             1 
   316 x[12,16]     *              0             0             1 
   317 x[12,17]     *              0             0             1 
   318 x[12,18]     *              1             0             1 
   319 x[12,19]     *              0             0             1 
   320 x[12,20]     *              0             0             1 
   321 x[13,1]      *              0             0             1 
   322 x[13,2]      *              0             0             1 
   323 x[13,3]      *              0             0             1 
   324 x[13,4]      *              0             0             1 
   325 x[13,5]      *              0             0             1 
   326 x[13,6]      *              0             0             1 
   327 x[13,7]      *              1             0             1 
   328 x[13,8]      *              0             0             1 
   329 x[13,9]      *              0             0             1 
   330 x[13,10]     *              0             0             1 
   331 x[13,11]     *              0             0             1 
   332 x[13,12]     *              0             0             1 
   333 x[13,13]     *              0             0             1 
   334 x[13,14]     *              0             0             1 
   335 x[13,15]     *              0             0             1 
   336 x[13,16]     *              0             0             1 
   337 x[13,17]     *              0             0             1 
   338 x[13,18]     *              0             0             1 
   339 x[13,19]     *              0             0             1 
   340 x[13,20]     *              0             0             1 
   341 x[14,1]      *              0             0             1 
   342 x[14,2]      *              0             0             1 
   343 x[14,3]      *              0             0             1 
   344 x[14,4]      *              0             0             1 
   345 x[14,5]      *              0             0             1 
   346 x[14,6]      *              0             0             1 
   347 x[14,7]      *              0             0             1 
   348 x[14,8]      *              0             0             1 
   349 x[14,9]      *              0             0             1 
   350 x[14,10]     *              0             0             1 
   351 x[14,11]     *              0             0             1 
   352 x[14,12]     *              1             0             1 
   353 x[14,13]     *              0             0             1 
   354 x[14,14]     *              0             0             1 
   355 x[14,15]     *              0             0             1 
   356 x[14,16]     *              0             0             1 
   357 x[14,17]     *              0             0             1 
   358 x[14,18]     *              0             0             1 
   359 x[14,19]     *              0             0             1 
   360 x[14,20]     *              0             0             1 
   361 x[15,1]      *              0             0             1 
   362 x[15,2]      *              0             0             1 
   363 x[15,3]      *              0             0             1 
   364 x[15,4]      *              0             0             1 
   365 x[15,5]      *              0             0             1 
   366 x[15,6]      *              0             0             1 
   367 x[15,7]      *              0             0             1 
   368 x[15,8]      *              0             0             1 
   369 x[15,9]      *              0             0             1 
   370 x[15,10]     *              0             0             1 
   371 x[15,11]     *              0             0             1 
   372 x[15,12]     *              0             0             1 
   373 x[15,13]     *              0             0             1 
   374 x[15,14]     *              0             0             1 
   375 x[15,15]     *              0             0             1 
   376 x[15,16]     *              0             0             1 
   377 x[15,17]     *              1             0             1 
   378 x[15,18]     *              0             0             1 
   379 x[15,19]     *              0             0             1 
   380 x[15,20]     *              0             0             1 
   381 x[16,1]      *              0             0             1 
   382 x[16,2]      *              0             0             1 
   383 x[16,3]      *              0             0             1 
   384 x[16,4]      *              0             0             1 
   385 x[16,5]      *              0             0             1 
   386 x[16,6]      *              0             0             1 
   387 x[16,7]      *              0             0             1 
   388 x[16,8]      *              0             0             1 
   389 x[16,9]      *              0             0             1 
   390 x[16,10]     *              0             0             1 
   391 x[16,11]     *              0             0             1 
   392 x[16,12]     *              0             0             1 
   393 x[16,13]     *              0             0             1 
   394 x[16,14]     *              0             0             1 
   395 x[16,15]     *              0             0             1 
   396 x[16,16]     *              1             0             1 
   397 x[16,17]     *              0             0             1 
   398 x[16,18]     *              0             0             1 
   399 x[16,19]     *              0             0             1 
   400 x[16,20]     *              0             0             1 
   401 x[17,1]      *              0             0             1 
   402 x[17,2]      *              0             0             1 
   403 x[17,3]      *              0             0             1 
   404 x[17,4]      *              0             0             1 
   405 x[17,5]      *              0             0             1 
   406 x[17,6]      *              0             0             1 
   407 x[17,7]      *              0             0             1 
   408 x[17,8]      *              0             0             1 
   409 x[17,9]      *              0             0             1 
   410 x[17,10]     *              0             0             1 
   411 x[17,11]     *              0             0             1 
   412 x[17,12]     *              0             0             1 
   413 x[17,13]     *              1             0             1 
   414 x[17,14]     *              0             0             1 
   415 x[17,15]     *              0             0             1 
   416 x[17,16]     *              0             0             1 
   417 x[17,17]     *              0             0             1 
   418 x[17,18]     *              0             0             1 
   419 x[17,19]     *              0             0             1 
   420 x[17,20]     *              0             0             1 
   421 x[18,1]      *              0             0             1 
   422 x[18,2]      *              0             0             1 
   423 x[18,3]      *              0             0             1 
   424 x[18,4]      *              0             0             1 
   425 x[18,5]      *              0             0             1 
   426 x[18,6]      *              0             0             1 
   427 x[18,7]      *              0             0             1 
   428 x[18,8]      *              0             0             1 
   429 x[18,9]      *              0             0             1 
   430 x[18,10]     *              0             0             1 
   431 x[18,11]     *              0             0             1 
   432 x[18,12]     *              0             0             1 
   433 x[18,13]     *              0             0             1 
   434 x[18,14]     *              1             0             1 
   435 x[18,15]     *              0             0             1 
   436 x[18,16]     *              0             0             1 
   437 x[18,17]     *              0             0             1 
   438 x[18,18]     *              0             0             1 
   439 x[18,19]     *              0             0             1 
   440 x[18,20]     *              0             0             1 
   441 x[19,1]      *              0             0             1 
   442 x[19,2]      *              0             0             1 
   443 x[19,3]      *              0             0             1 
   444 x[19,4]      *              0             0             1 
   445 x[19,5]      *              0             0             1 
   446 x[19,6]      *              0             0             1 
   447 x[19,7]      *              0             0             1 
   448 x[19,8]      *              0             0             1 
   449 x[19,9]      *              0             0             1 
   450 x[19,10]     *              0             0             1 
   451 x[19,11]     *              0             0             1 
   452 x[19,12]     *              0             0             1 
   453 x[19,13]     *              0             0             1 
   454 x[19,14]     *              0             0             1 
   455 x[19,15]     *              0             0             1 
   456 x[19,16]     *              0             0             1 
   457 x[19,17]     *              0             0             1 
   458 x[19,18]     *              0             0             1 
   459 x[19,19]     *              1             0             1 
   460 x[19,20]     *              0             0             1 
   461 x[20,1]      *              0             0             1 
   462 x[20,2]      *              0             0             1 
   463 x[20,3]      *              0             0             1 
   464 x[20,4]      *              0             0             1 
   465 x[20,5]      *              0             0             1 
   466 x[20,6]      *              0             0             1 
   467 x[20,7]      *              0             0             1 
   468 x[20,8]      *              0             0             1 
   469 x[20,9]      *              0             0             1 
   470 x[20,10]     *              0             0             1 
   471 x[20,11]     *              0             0             1 
   472 x[20,12]     *              0             0             1 
   473 x[20,13]     *              0             0             1 
   474 x[20,14]     *              0             0             1 
   475 x[20,15]     *              0             0             1 
   476 x[20,16]     *              0             0             1 
   477 x[20,17]     *              0             0             1 
   478 x[20,18]     *              0             0             1 
   479 x[20,19]     *              0             0             1 
   480 x[20,20]     *              1             0             1 
   481 C[1]                       12             0               
   482 C[2]                       24             0               
   483 C[3]                       31             0               
   484 C[4]                       36             0               
   485 C[5]                       49             0               
   486 C[6]                       56             0               
   487 C[7]                       61             0               
   488 C[8]                       68             0               
   489 C[9]                       84             0               
   490 C[10]                      88             0               
   491 C[11]                     103             0               
   492 C[12]                     106             0               
   493 C[13]                     118             0               
   494 C[14]                     128             0               
   495 C[15]                     135             0               
   496 C[16]                     143             0               
   497 C[17]                     158             0               
   498 C[18]                     170             0               
   499 C[19]                     182             0               
   500 C[20]                     186             0               
   501 T[1]                        0             0               
   502 T[2]                        0             0               
   503 T[3]                        0             0               
   504 T[4]                        0             0               
   505 T[5]                        0             0               
   506 T[6]                        0             0               
   507 T[7]                        1             0               
   508 T[8]                        0             0               
   509 T[9]                       18             0               
   510 T[10]                       4             0               
   511 T[11]                       7             0               
   512 T[12]                       2             0               
   513 T[13]                       4             0               
   514 T[14]                       0             0               
   515 T[15]                      15             0               
   516 T[16]                       7             0               
   517 T[17]                      38             0               
   518 T[18]                      26             0               
   519 T[19]                      50             0               
   520 T[20]                       0             0               
   521 E[1]                        0             0               
   522 E[2]                        0             0               
   523 E[3]                        0             0               
   524 E[4]                        0             0               
   525 E[5]                        0             0               
   526 E[6]                        0             0               
   527 E[7]                        0             0               
   528 E[8]                        0             0               
   529 E[9]                        0             0               
   530 E[10]                       0             0               
   531 E[11]                       0             0               
   532 E[12]                       0             0               
   533 E[13]                       0             0               
   534 E[14]                       0             0               
   535 E[15]                       0             0               
   536 E[16]                       0             0               
   537 E[17]                       0             0               
   538 E[18]                       0             0               
   539 E[19]                       0             0               
   540 E[20]                       0             0               

Integer feasibility conditions:

KKT.PE: max.abs.err = 0.00e+00 on row 0
        max.rel.err = 0.00e+00 on row 0
        High quality

KKT.PB: max.abs.err = 1.42e-14 on row 213
        max.rel.err = 1.42e-14 on row 213
        High quality

End of output
